132
98779553
86204227
83488523
24821987
40156591
44127131
61986917
84309581
87430391
21114293
75476761
66547597
85744273
12984571
74506879
90054401
41196139
89928571
83820463
87038129
82388177
38256523
75733199
39566899
65298659
79125073
55902017
56330579
38171729
26305283
13117177
71461651
15099313
41257061
42413201
30454909
65036087
29964887
46948211
29777927
34193923
19969507
34419533
98902501
65541067
74957999
94798757
38590037
65152229
98824097
17228377
80639683
53843453
38262673
78200669
79868807
65172539
16169683
22772641
12455579
91136567
63023071
39416639
56316983
13740679
73197193
947190247
664219679
182729171
628726027
840820949
642196103
573007571
583184237
881612033
864972149
715972321
612791359
973495121
674560787
507617611
544734061
151510963
275967977
514134427
414472067
759455351
229103363
258761249
403519411
124789681
579023453
582135227
943947089
830471329
564868981
370048823
569325541
501653671
484760833
916856221
326699833
642323989
186155839
148400299
825125339
567336479
424128473
452400407
819943853
524688841
435715331
207701419
388003543
284800907
462574907
881125433
758840561
283307503
497217709
736859381
800227657
728160827
515644189
609768347
614234917
182819891
620163769
527340923
615028103
688884797
290154323