983
601
941
821
331
853
937
991
373
211
751
103
601
751
823
353
641
769
431
503
241
449
619
857
151
113
503
431
499
431
337
359
449
881
863
251
173
977
503
163
457
797
311
983
823
829
887
643
311
509
353
709
467
283
397
673
743
439
587
743
349
751
577
661
337
307
9859
1997
2917
3881
3947
1597
1373
3779
6679
5113
3461
7369
2531
3613
5081
8431
8273
7589
1831
6733
3041
5099
9011
7369
5849
7643
3323
9883
4793
7211
4337
6121
4391
6373
4451
3449
1621
1381
2473
1301
8237
2459
1657
3931
2711
2753
7481
2551
9739
3271
4421
9281
7621
3109
7109
8231
5233
1319
5399
4057
5897
3499
6481
1709
2447
3163
54629
30697
69691
27997
34297
10399
12451
51539
78571
91423
12323
28099
90511
43177
38749
54559
49429
79231
88037
44189
16067
43943
29209
85247
35993
16619
17903
74077
18461
49523
82039
51803
59393
60353
23531
99989
65167
88261
24763
99391
38239
78259
34019
17959
71399
51479
44809
89231
16187
47407
20981
72019
80747
32719
73751
13219
50671
66377
77477
37897
62627
14503
20693
36151
30931
53503
569711
123923
498739
379439
641923
111497
118681
493733
911167
152293
705137
128983
859363
815851
433253
786469
331739
326323
379007
924967
266417
174859
945359
938089
319757
302581
762061
847703
176933
938507
822253
113051
378571
196111
723907
639997
607151
651347
445769
569237
925087
832969
241867
496339
545117
443711
661201
637321
672757
500393
973781
387911
882187
215797
281251
492403
945233
462667
463873
188249
373343
426973
402139
138241
974459
728207
5267089
4836757
1156643
7834091
3893881
4355977
9872579
8663959
2307517
6639349
9505117
5843821
8927593
2757617
7475521
8211737
1386551
1348379
2979649
9915859
7334179
2977831
6810541
2383933
9591443
4143331
2145551
4227859
5520287
6346201
5480077
2667761
1463447
8831233
8959343
9236197
6767017
4084247
7973659
7021541
3154211
6784711
5726249
2720797
2978161
1995727
9872347
5310313
2202511
1110427
1266743
4536871
5252209
9843191
2745731
9114641
6863581
2280107
2704739
9123329
3214633
8501951
9893431
4363783
4175933
4183639
98779553
86204227
83488523
24821987
40156591
44127131
61986917
84309581
87430391
21114293
75476761
66547597
85744273
12984571
74506879
90054401
41196139
89928571
83820463
87038129
82388177
38256523
75733199
39566899
65298659
79125073
55902017
56330579
38171729
26305283
13117177
71461651
15099313
41257061
42413201
30454909
65036087
29964887
46948211
29777927
34193923
19969507
34419533
98902501
65541067
74957999
94798757
38590037
65152229
98824097
17228377
80639683
53843453
38262673
78200669
79868807
65172539
16169683
22772641
12455579
91136567
63023071
39416639
56316983
13740679
73197193
947190247
664219679
182729171
628726027
840820949
642196103
573007571
583184237
881612033
864972149
715972321
612791359
973495121
674560787
507617611
544734061
151510963
275967977
514134427
414472067
759455351
229103363
258761249
403519411
124789681
579023453
582135227
943947089
830471329
564868981
370048823
569325541
501653671
484760833
916856221
326699833
642323989
186155839
148400299
825125339
567336479
424128473
452400407
819943853
524688841
435715331
207701419
388003543
284800907
462574907
881125433
758840561
283307503
497217709
736859381
800227657
728160827
515644189
609768347
614234917
182819891
620163769
527340923
615028103
688884797
290154323